           8
  0.30099914226942687     
   9.9914226942680309E-004
   0.0000000000000000     
   0.0000000000000000     
   0.0000000000000000     
   0.0000000000000000     
   0.0000000000000000     
   0.0000000000000000     
   9.9914226942680309E-004
  0.40165818978732049     
   6.5904751789363798E-004
   0.0000000000000000     
   0.0000000000000000     
   0.0000000000000000     
   0.0000000000000000     
   0.0000000000000000     
   0.0000000000000000     
   6.5904751789363798E-004
  0.50131697220231386     
   6.5792468442021088E-004
   0.0000000000000000     
   0.0000000000000000     
   0.0000000000000000     
   0.0000000000000000     
   0.0000000000000000     
   0.0000000000000000     
   6.5792468442021088E-004
  0.60133245398348412     
   6.7452929906378816E-004
   0.0000000000000000     
   0.0000000000000000     
   0.0000000000000000     
   0.0000000000000000     
   0.0000000000000000     
   0.0000000000000000     
   6.7452929906378816E-004
  0.70162162395498795     
   9.4709465592406571E-004
   0.0000000000000000     
   0.0000000000000000     
   0.0000000000000000     
   0.0000000000000000     
   0.0000000000000000     
   0.0000000000000000     
   9.4709465592406571E-004
  0.80193748940396559     
   9.9039474804151341E-004
   0.0000000000000000     
   0.0000000000000000     
   0.0000000000000000     
   0.0000000000000000     
   0.0000000000000000     
   0.0000000000000000     
   9.9039474804151341E-004
  0.90180420441452402     
   8.1380966648249926E-004
   0.0000000000000000     
   0.0000000000000000     
   0.0000000000000000     
   0.0000000000000000     
   0.0000000000000000     
   0.0000000000000000     
   8.1380966648249926E-004
   1.0008138096664825     
