         256
   9.9986119420356928E-002
  0.10011732324368207     
  0.10024852127625385     
  0.10038006314438372     
  0.10051195067321177     
  0.10065006767615388     
  0.10077676817784176     
  0.10090970090378786     
  0.10104298479102561     
  0.10117662123286142     
  0.10131061162998241     
  0.10144495739050541     
  0.10157965993002624     
  0.10171472067166945     
  0.10185014104613845     
  0.10198592249176598     
  0.10212206645456513     
  0.10225857438828055     
  0.10239544775444026     
  0.10253268802240785     
  0.10267029666943499     
  0.10280827518071442     
  0.10294662504943349     
  0.10308534777682790     
  0.10322444487223605     
  0.10336391785315385     
  0.10350376824528974     
  0.10364399758262058     
  0.10378460740744738     
  0.10392559927045220     
  0.10406697473075489     
  0.10420873535597076     
  0.10435088272226836     
  0.10449341841442801     
  0.10463634402590062     
  0.10477966115886710     
  0.10492337142429826     
  0.10506747644201513     
  0.10521197784074977     
  0.10535687725820678     
  0.10550217634112501     
  0.10564787674534008     
  0.10579398013584715     
  0.10594048818686445     
  0.10608740258189717     
  0.10623472501380195     
  0.10638245718485195     
  0.10653060080680235     
  0.10667915760095652     
  0.10682812929823261     
  0.10697751763923088     
  0.10712732437430143     
  0.10727755126361251     
  0.10742820007721959     
  0.10757927259513478     
  0.10773077060739697     
  0.10788269591414250     
  0.10803505032567655     
  0.10818783566254490     
  0.10834105375560657     
  0.10849470644610693     
  0.10864879558575136     
  0.10880332303677977     
  0.10895829067204155     
  0.10911370037507119     
  0.10926955404016474     
  0.10942585357245660     
  0.10958260088799723     
  0.10973979791383150     
  0.10989744658807753     
  0.11005554886000647     
  0.11021410669012277     
  0.11037312205024523     
  0.11053259692358874     
  0.11069253330484670     
  0.11085293320027430     
  0.11101379862777226     
  0.11117513161697147     
  0.11133693420931855     
  0.11149920845816168     
  0.11166195642883756     
  0.11182518019875916     
  0.11198888185750390     
  0.11215306350690299     
  0.11231772726113134     
  0.11248287524679824     
  0.11264850960303899     
  0.11281463248160717     
  0.11298124604696801     
  0.11314835247639207     
  0.11331595396005055     
  0.11348405270111037     
  0.11365265091583136     
  0.11382175083366308     
  0.11399135469734352     
  0.11416146476299796     
  0.11433208330023928     
  0.11450321259226863     
  0.11467485493597741     
  0.11484701264205005     
  0.11501968803506771     
  0.11519288345361271     
  0.11536660125037446     
  0.11554084379225570     
  0.11571561346048001     
  0.11589091265070056     
  0.11606674377310919     
  0.11624310925254716     
  0.11642001152861650     
  0.11659745305579247     
  0.11677543630353719     
  0.11695396375641408     
  0.11713303791420361     
  0.11731266129201973     
  0.11749283642042795     
  0.11767356584556390     
  0.11785485212925348     
  0.11803669784913366     
  0.11821910559877495     
  0.11840207798780442     
  0.11858561764203035     
  0.11876972720356774     
  0.11895440933096510     
  0.11913966669933253     
  0.11932550200047067     
  0.11951191794300123     
  0.11969891725249857     
  0.11988650267162253     
  0.12007467696025245     
  0.12026344289562264     
  0.12045280327245891     
  0.12064276090311656     
  0.12083331861771952     
  0.12102447926430103     
  0.12121624570894546     
  0.12140862083593154     
  0.12160160754787688     
  0.12179520876588421     
  0.12198942742968852     
  0.12218426649780595     
  0.12237972894768404     
  0.12257581777585330     
  0.12277253599808050     
  0.12296988664952309     
  0.12316787278488543     
  0.12336649747857642     
  0.12356576382486843     
  0.12376567493805826     
  0.12396623395262918     
  0.12416744402341487     
  0.12436930832576482     
  0.12457183005571126     
  0.12477501243013803     
  0.12497885868695068     
  0.12518337208524871     
  0.12538855590549905     
  0.12559441344971156     
  0.12580094804161621     
  0.12600816302684181     
  0.12621606177309685     
  0.12642464767035180     
  0.12663392413102340     
  0.12684389459016085     
  0.12705456250563357     
  0.12726593135832120     
  0.12747800465230519     
  0.12769078591506253     
  0.12790427869766127     
  0.12811848657495808     
  0.12833341314579780     
  0.12854906203321498     
  0.12876543688463743     
  0.12898254137209192     
  0.12920037919241187     
  0.12941895406744713     
  0.12963826974427614     
  0.12985832999541977     
  0.13007913861905784     
  0.13030069943924763     
  0.13052301630614449     
  0.13074609309622506     
  0.13096993371251242     
  0.13119454208480380     
  0.13141992216990053     
  0.13164607795184044     
  0.13187301344213256     
  0.13210073267999431     
  0.13232923973259123     
  0.13255853869527892     
  0.13278863369184796     
  0.13301952887477100     
  0.13325122842545262     
  0.13348373655448142     
  0.13371705750188564     
  0.13395119553739046     
  0.13418615496067868     
  0.13442194010165379     
  0.13465855532070600     
  0.13489600500898105     
  0.13513429358865189     
  0.13537342551319309     
  0.13561340526765839     
  0.13585423736896093     
  0.13609592636615697     
  0.13633847684073203     
  0.13658189340689042     
  0.13682618071184799     
  0.13707134343612787     
  0.13731738629385909     
  0.13756431403307909     
  0.13781213143603904     
  0.13806084331951249     
  0.13831045453510754     
  0.13856096996958225     
  0.13881239454516370     
  0.13906473321987001     
  0.13931799098783673     
  0.13957217287964585     
  0.13982728396265928     
  0.14008332934135534     
  0.14034031415766932     
  0.14059824359133760     
  0.14085712286024585     
  0.14111695722078063     
  0.14137775196818539     
  0.14163951243692005     
  0.14190224400102472     
  0.14216595207448765     
  0.14243064211161677     
  0.14268411854549140     
  0.14296299009796579     
  0.14323065916080671     
  0.14349933241532942     
  0.14376901552316709     
  0.14403971418859368     
  0.14431143415892567     
  0.14458418122492911     
  0.14485796122123087     
  0.14513278002673469     
  0.14540864356504202     
  0.14568555780487760     
  0.14596352876051999     
  0.14624256249223699     
  0.14652266510672587     
  0.14680384275755917     
  0.14708610164563510     
  0.14736944801963350     
  0.14765388817647690     
  0.14793942846179703     
  0.14822607527040668     
  0.14851383504677715     
  0.14878698729314349     
  0.14909271953188138     
  0.14938385738269144     
  0.14967613553199144     
  0.14997034422297509     
