         256
  0.14997034422297606     
  0.14967613553199238     
  0.14938385738269189     
  0.14909271953188180     
  0.14880271428552191     
  0.14851383504677812     
  0.14822607527040726     
  0.14793942846179745     
  0.14765388817647879     
  0.14736944801963503     
  0.14708610164563599     
  0.14680384275755962     
  0.14652266510672607     
  0.14624256249223755     
  0.14596352876052165     
  0.14568555780487832     
  0.14540864356504266     
  0.14513278002673474     
  0.14485796122123093     
  0.14458418122492986     
  0.14431143415892733     
  0.14403971418859429     
  0.14376901552316793     
  0.14349933241533019     
  0.14323065916080757     
  0.14296299009796637     
  0.14269631960741658     
  0.14243064211161882     
  0.14216595207448865     
  0.14190224400102472     
  0.14163951243691958     
  0.14137775196818614     
  0.14111695722078210     
  0.14085712286024688     
  0.14059824359133874     
  0.14034031415766954     
  0.14008332934135581     
  0.13982728396266070     
  0.13957217287964627     
  0.13931799098783812     
  0.13906473321987095     
  0.13881239454516484     
  0.13856096996958259     
  0.13831045453510901     
  0.13806084331951335     
  0.13781213143603860     
  0.13756431403307909     
  0.13731738629385964     
  0.13707134343612837     
  0.13682618071184946     
  0.13658189340689103     
  0.13633847684073225     
  0.13609592636615808     
  0.13585423736896149     
  0.13561340526765980     
  0.13537342551319415     
  0.13513429358865348     
  0.13489600500898219     
  0.13465855532070758     
  0.13442194010165523     
  0.13418615496067815     
  0.13395119553739096     
  0.13371705750188648     
  0.13348373655448226     
  0.13325122842545384     
  0.13301952887477228     
  0.13278863369184879     
  0.13255853869527984     
  0.13232923973259256     
  0.13210073267999531     
  0.13187301344213348     
  0.13164607795184161     
  0.13141992216990167     
  0.13119454208480427     
  0.13096993371251323     
  0.13074609309622520     
  0.13052301630614541     
  0.13030069943924869     
  0.13007913861905873     
  0.12985832999541994     
  0.12963826974427703     
  0.12941895406744822     
  0.12920037919241284     
  0.12898254137209261     
  0.12876543688463787     
  0.12854906203321564     
  0.12833341314579905     
  0.12811848657495845     
  0.12790427869766241     
  0.12769078591506317     
  0.12747800465230588     
  0.12726593135832207     
  0.12705456250563446     
  0.12684389459016246     
  0.12663392413102337     
  0.12642464767035222     
  0.12621606177309727     
  0.12600816302684209     
  0.12580094804161665     
  0.12559441344971192     
  0.12538855590549955     
  0.12518337208524932     
  0.12497885868695106     
  0.12477501243013904     
  0.12457183005571215     
  0.12436930832576573     
  0.12416744402341530     
  0.12396623395262885     
  0.12376567493805846     
  0.12356576382486927     
  0.12336649747857595     
  0.12316787278488613     
  0.12296988664952356     
  0.12277253599808055     
  0.12257581777585409     
  0.12237972894768291     
  0.12218426649780575     
  0.12198942742968862     
  0.12179520876588421     
  0.12160160754787705     
  0.12140862083593210     
  0.12121624570894657     
  0.12102447926430017     
  0.12083331861771918     
  0.12064276090311546     
  0.12045280327245901     
  0.12026344289562302     
  0.12007467696025252     
  0.11988650267162268     
  0.11969891725249907     
  0.11951191794300131     
  0.11932550200047143     
  0.11913966669933351     
  0.11895440933096531     
  0.11876972720356802     
  0.11858561764203160     
  0.11840207798780415     
  0.11821910559877556     
  0.11803669784913509     
  0.11785485212925352     
  0.11767356584556471     
  0.11749283642042799     
  0.11731266129202023     
  0.11713303791420350     
  0.11695396375641381     
  0.11677543630353761     
  0.11659745305579189     
  0.11642001152861663     
  0.11624310925254733     
  0.11606674377310854     
  0.11589091265070024     
  0.11571561346048072     
  0.11554084379225603     
  0.11536660125037468     
  0.11519288345361300     
  0.11501968803506817     
  0.11484701264204983     
  0.11467485493597733     
  0.11450321259226943     
  0.11433208330023928     
  0.11416146476299759     
  0.11399135469734381     
  0.11382175083366365     
  0.11365265091583071     
  0.11348405270111098     
  0.11331595396005079     
  0.11314835247639167     
  0.11298124604696844     
  0.11281463248160797     
  0.11264850960303906     
  0.11248287524679801     
  0.11231772726113097     
  0.11215306350690303     
  0.11198888185750343     
  0.11182518019875895     
  0.11166195642883804     
  0.11149920845816194     
  0.11133693420931860     
  0.11117513161697162     
  0.11101379862777169     
  0.11085293320027399     
  0.11069253330484626     
  0.11053259692358869     
  0.11037312205024462     
  0.11021410669012251     
  0.11005554886000658     
  0.10989744658807758     
  0.10973979791383205     
  0.10958260088799744     
  0.10942585357245604     
  0.10926955404016479     
  0.10911370037507101     
  0.10895829067204159     
  0.10880332303677982     
  0.10864879558575212     
  0.10849470644610718     
  0.10834105375560660     
  0.10818783566254517     
  0.10803505032567666     
  0.10788269591414253     
  0.10773077060739680     
  0.10757927259513533     
  0.10742820007721943     
  0.10727755126361223     
  0.10712732437430203     
  0.10697751763923108     
  0.10682812929823271     
  0.10667915760095688     
  0.10653060080680207     
  0.10638245718485216     
  0.10623472501380132     
  0.10608740258189726     
  0.10594048818686498     
  0.10579398013584707     
  0.10564787674534054     
  0.10550217634112467     
  0.10535687725820721     
  0.10521197784074952     
  0.10506747644201546     
  0.10492337142429789     
  0.10477966115886719     
  0.10463634402590018     
  0.10449341841442830     
  0.10435088272226893     
  0.10420873535597065     
  0.10406697473075503     
  0.10392559927045233     
  0.10378460740744688     
  0.10364399758262083     
  0.10350376824528965     
  0.10336391785315413     
  0.10322444487223613     
  0.10308534777682811     
  0.10294662504943380     
  0.10280827518071439     
  0.10267029666943432     
  0.10253268802240725     
  0.10239544775444041     
  0.10225857438828070     
  0.10212206645456495     
  0.10198592249176563     
  0.10185014104613822     
  0.10171472067166931     
  0.10157965993002617     
  0.10144495739050501     
  0.10131061162998160     
  0.10117662123286121     
  0.10104298479102605     
  0.10090970090378754     
  0.10077676817784167     
  0.10064418522721286     
  0.10051195067321160     
  0.10038006314438357     
  0.10024852127625435     
  0.10011732324368208     
   9.9986119420356734E-002
