          64
   7.7938103523542477     
   3.7250505710309039     
   2.7596623724595148     
   1.8239878822086013     
   1.4988108151846318     
   1.3207194263845115     
   1.1678408072163065     
   1.0377212078799807     
  0.96273586975043013     
  0.89740017940120231     
  0.88546881835780911     
  0.81024717685978853     
  0.73088096055770091     
  0.67010110849379234     
  0.61015160729964579     
  0.58317410111598122     
  0.56784592391027944     
  0.51670945032736282     
  0.48902771597903189     
  0.46172502836131107     
  0.44009329994824858     
  0.42886491796946974     
  0.40843652364914734     
  0.39552327418781047     
  0.38297151585212874     
  0.38157434176747534     
  0.36444552225771926     
  0.34979452184216137     
  0.33168328098465527     
  0.32283663158533804     
  0.31845761059744959     
  0.30262124075925811     
  0.29854128927599244     
  0.28496650894419784     
  0.28132715386802265     
  0.26848453656947074     
  0.26657387135866595     
  0.25411143799435310     
  0.25204996548089170     
  0.24519473453377150     
  0.23544867571964900     
  0.23069849187585961     
  0.22702104742017573     
  0.22566118839179844     
  0.21832428886247671     
  0.21128836850175278     
  0.20668855538425604     
  0.20280380908170798     
  0.19838990556758418     
  0.19624700690505217     
  0.19295860587218885     
  0.18968980820586676     
  0.18392269208672488     
  0.17979418139283707     
  0.17793875071549956     
  0.17506660586563152     
  0.17235646593433107     
  0.17076654924223517     
  0.16540489107071304     
  0.16286615257125378     
  0.16059987304498916     
  0.16085018807205440     
  0.15820474189063935     
  0.15585391821049810     
